777777777777777777772222222222444444444477777777777777777777222222222222222222222222222222111111111133333333333333333333
777777777777777777772222222222444444444477777777777777777777222222222222222222222222222222111111111133333333333333333333
777777777777777777772222222222444444444477777777777777777777222222222222222222222222222222111111111133333333333333333333
777777777777777777772222222222444444444477777777777777777777222222222222222222222222222222111111111133333333333333333333
777777777777777777772222222222111111444477777777777777777777222222222222222222222222222222111111111133333333333333333333
777777777777777777772222222222111111444477777777777777777777222222222222222222222222222222111111111133333333333333333333
777777777777777777772222222222111111444477777777777777777777222222222222222222222222222222111111111133333333333333333333
777777777777777777772222222222111111444477777777777777777777222222222222222222222222222222111111111133333333333333333333
777777777777777777772222222222111111444477777777777777777777222222222222222222222222222222111111111133333333333333333333
777777777777777777772222222222111111444477777777777777777777222222222222222222222222222222111111111133333333333333333333
111111111111111111111111111111222222222277777777776666666666555555555522222222222222222222222222222200000000000000000000
111111111111111111111111111111222222222277777777776666666666555555555522222222222222222222222222222200000000000000000000
111111111111111111111111111111222222222277777777776666666666555555555522222222222222222222222222222200000000000000000000
111111111111111111111111111111222222222277777777776666666666555555555522222222222222222222222222222200000000000000000000
111111111111111111111111111111222222222277777777776666666666555555555522222222222222222222222222222200000000000000000000
111111111111111111111111111111222222222277777777776666666666555555555522222222222222222222222222222200000000000000000000
111111111111111111111111111111222222222277777777776666666666555555555522222222222222222222222222222200000000000000000000
111111111111111111111111111111222222222277777777776666666666555555555522222222222222222222222222222200000000000000000000
111111111111111111111111111111222222222277777777776666666666555555555522222222222222222222222222222200000000000000000000
111111111111111111111111111111222222222277777777776666666666555555555522222222222222222222222222222200000000000000000000
333333333311111111112222222222222222222277777777776666666666555555555522222222222222222222222222222200000000003333333333
333333333311111111112222222222222222222277777777776666666666555555555522222222222222222222222222222200000000003333333333
333333333311111111112222222222222222222277777777776666666666555555555522222222222222222222222222222200000000003333333333
333333333311111111112222222222222222222277777777776666666666555555555522222222222222222222222222222200000000003333333333
333333333311111111112222222222222222222277777777776666666666555555555522222222222222222222222222222200000000003333333333
333333333311111111112222222222222222222277777777776666666666555555555522222222222222222222222222222200000000003333333333
333333333311111111112222222222222222222277777777776666666666555555555522222222222222222222222222222200000000003333333333
333333333311111111112222222222222222222277777777776666666666555555555522222222222222222222222222222200000000003333333333
333333333311111111112222222222222222222277777777776666666666555555555522222222222222222222222222222200000000003333333333
333333333311111111112222222222222222222277777777776666666666555555555522222222222222222222222222222200000000003333333333
333333333300000000002222222222444444444477777777777777777777222222222222222222221111111111222222222222222222222222222222
333333333300000000002222222222444444444477777777777777777777222222222222222222221111111111222222222222222222222222222222
333333333300000000002222222222444444444477777777777777777777222222222222222222221111111111222222222222222222222222222222
333333333300000000002222222222444444444477777777777777777777222222222222222222221111111111222222222222222222222222222222
333333333300000000002222222222111111444477777777777777777777222222222222222222221111111111222222222222222222222222222222
333333333300000000002222222222111111444477777777777777777777222222222222222222221111111111222222222222222222222222222222
333333333300000000002222222222111111444477777777777777777777222222222222222222221111111111222222222222222222222222222222
333333333300000000002222222222111111444477777777777777777777222222222222222222221111111111222222222222222222222222222222
333333333300000000002222222222111111444477777777777777777777222222222222222222221111111111222222222222222222222222222222
333333333300000000002222222222111111444477777777777777777777222222222222222222221111111111222222222222222222222222222222
777777777777777777772222222222222222222222222222222222222222222222222211111111112222222222222222222200000000003333333333
777777777777777777772222222222222222222222222222222222222222222222222211111111112222222222222222222200000000003333333333
777777777777777777772222222222222222222222222222222222222222222222222211111111112222222222222222222200000000003333333333
777777777777777777772222222222222222222222222222222222222222222222222211111111112222222222222222222200000000003333333333
777777777777777777772222222222222222222222222222222222222222222222222211111111112222222222222222222200000000003333333333
777777777777777777772222222222222222222222222222222222222222222222222211111111112222222222222222222200000000003333333333
777777777777777777772222222222222222222222222222222222222222222222222211111111112222222222222222222200000000003333333333
777777777777777777772222222222222222222222222222222222222222222222222211111111112222222222222222222200000000003333333333
777777777777777777772222222222222222222222222222222222222222222222222211111111112222222222222222222200000000003333333333
777777777777777777772222222222222222222222222222222222222222222222222211111111112222222222222222222200000000003333333333
111111111111111111111111111111000000000000000000002222222222111111111122222222222222222222111111111133333333333333333333
111111111111111111111111111111000000000000000000002222222222111111111122222222222222222222111111111133333333333333333333
111111111111111111111111111111000000000000000000002222222222111111111122222222222222222222111111111133333333333333333333
111111111111111111111111111111000000000000000000002222222222111111111122222222222222222222111111111133333333333333333333
111111111111111111111111111111000000000000000000002222222222111111111122222222222222222222111111111133333333333333333333
111111111111111111111111111111000000000000000000002222222222111111111122222222222222222222111111111133333333333333333333
111111111111111111111111111111000000000000000000002222222222111111111122222222222222222222111111111133333333333333333333
111111111111111111111111111111000000000000000000002222222222111111111122222222222222222222111111111133333333333333333333
111111111111111111111111111111000000000000000000002222222222111111111122222222222222222222111111111133333333333333333333
111111111111111111111111111111000000000000000000002222222222111111111122222222222222222222111111111133333333333333333333
333333333311111111113333333333333333333333333333332222222222111111111111111111112222222222111111111100000000003333333333
333333333311111111113333333333333333333333333333332222222222111111111111111111112222222222111111111100000000003333333333
333333333311111111113333333333333333333333333333332222222222111111111111111111112222222222111111111100000000003333333333
333333333311111111113333333333333333333333333333332222222222111111111111111111112222222222111111111100000000003333333333
333333333311111111113333333333333333333333333333332222222222111111111111111111112222222222111111111100000000003333333333
333333333311111111113333333333333333333333333333332222222222111111111111111111112222222222111111111100000000003333333333
333333333311111111113333333333333333333333333333332222222222111111111111111111112222222222111111111100000000003333333333
333333333311111111113333333333333333333333333333332222222222111111111111111111112222222222111111111100000000003333333333
333333333311111111113333333333333333333333333333332222222222111111111111111111112222222222111111111100000000003333333333
333333333311111111113333333333333333333333333333332222222222111111111111111111112222222222111111111100000000003333333333
333333333333333333333333333333333333333333333333331111111111111111111111111111112222222222111111111100000000000000000000
333333333333333333333333333333333333333333333333331111111111111111111111111111112222222222111111111100000000000000000000
333333333333333333333333333333333333333333333333331111111111111111111111111111112222222222111111111100000000000000000000
333333333333333333333333333333333333333333333333331111111111111111111111111111112222222222111111111100000000000000000000
333333333333333333333333333333333333333333333333331111111111111111111111111111112222222222111111111100000000000000000000
333333333333333333333333333333333333333333333333331111111111111111111111111111112222222222111111111100000000000000000000
333333333333333333333333333333333333333333333333331111111111111111111111111111112222222222111111111100000000000000000000
333333333333333333333333333333333333333333333333331111111111111111111111111111112222222222111111111100000000000000000000
333333333333333333333333333333333333333333333333331111111111111111111111111111112222222222111111111100000000000000000000
333333333333333333333333333333333333333333333333331111111111111111111111111111112222222222111111111100000000000000000000
333333333333333333337777777777333333333333333333332222222222111111111122222222222222222222222222222222222222223333333333
333333333333333333337777777777333333333333333333332222222222111111111122222222222222222222222222222222222222223333333333
333333333333333333337777777777333333333333333333332222222222111111111122222222222222222222222222222222222222223333333333
333333333333333333337777777777333333333333333333332222222222111111111122222222222222222222222222222222222222223333333333
333333333333333333337777777777333333333333333333332222222222111111111122222222222222222222222222222222222222223333333333
333333333333333333337777777777333333333333333333332222222222111111111122222222222222222222222222222222222222223333333333
333333333333333333337777777777333333333333333333332222222222111111111122222222222222222222222222222222222222223333333333
333333333333333333337777777777333333333333333333332222222222111111111122222222222222222222222222222222222222223333333333
333333333333333333337777777777333333333333333333332222222222111111111122222222222222222222222222222222222222223333333333
333333333333333333337777777777333333333333333333332222222222111111111122222222222222222222222222222222222222223333333333
333333333377777777771111111111333333333333333333331111111111111111111122222222222222222222222222222222222222222222222222
333333333377777777771111111111333333333333333333331111111111111111111122222222222222222222222222222222222222222222222222
333333333377777777771111111111333333333333333333331111111111111111111122222222222222222222222222222222222222222222222222
333333333377777777771111111111333333333333333333331111111111111111111122222222222222222222222222222222222222222222222222
333333333377777777771111111111333333333333333333331111111111111111111122222222222222222222222222222222222222222222222222
333333333377777777771111111111333333333333333333331111111111111111111122222222222222222222222222222222222222222222222222
333333333377777777771111111111333333333333333333331111111111111111111122222222222222222222222222222222222222222222222222
333333333377777777771111111111333333333333333333331111111111111111111122222222222222222222222222222222222222222222222222
333333333377777777771111111111333333333333333333331111111111111111111122222222222222222222222222222222222222222222222222
333333333377777777771111111111333333333333333333331111111111111111111122222222222222222222222222222222222222222222222222
333333333377777777771111111111333333333333333333332222222222111111111111111111111111111111111111111133333333333333333333
333333333377777777771111111111333333333333333333332222222222111111111111111111111111111111111111111133333333333333333333
333333333377777777771111111111333333333333333333332222222222111111111111111111111111111111111111111133333333333333333333
333333333377777777771111111111333333333333333333332222222222111111111111111111111111111111111111111133333333333333333333
333333333377777777771111111111333333333333333333332222222222111111111111111111111111111111111111111133333333333333333333
333333333377777777771111111111333333333333333333332222222222111111111111111111111111111111111111111133333333333333333333
333333333377777777771111111111333333333333333333332222222222111111111111111111111111111111111111111133333333333333333333
333333333377777777771111111111333333333333333333332222222222111111111111111111111111111111111111111133333333333333333333
333333333377777777771111111111333333333333333333332222222222111111111111111111111111111111111111111133333333333333333333
333333333377777777771111111111333333333333333333332222222222111111111111111111111111111111111111111133333333333333333333
333333333311111111111111111111222222222211111111112222222222222222222233333333333333333333333333333333333333333333333333
333333333311111111111111111111222222222211111111112222222222222222222233333333333333333333333333333333333333333333333333
333333333311111111111111111111222222222211111111112222222222222222222233333333333333333333333333333333333333333333333333
333333333311111111111111111111222222222211111111112222222222222222222233333333333333333333333333333333333333333333333333
333333333311111111111111111111222222222211111111112222222222222222222233333333333333333333333333333333333333333333333333
333333333311111111111111111111222222222211111111112222222222222222222233333333333333333333333333333333333333333333333333
333333333311111111111111111111222222222211111111112222222222222222222233333333333333333333333333333333333333333333333333
333333333311111111111111111111222222222211111111112222222222222222222233333333333333333333333333333333333333333333333333
333333333311111111111111111111222222222211111111112222222222222222222233333333333333333333333333333333333333333333333333
333333333311111111111111111111222222222211111111112222222222222222222233333333333333333333333333333333333333333333333333