777777777777777777777777700000000000000011111777777777777777777777777777777777777777777777
777777777777777777777777700000000000000011111777777777777777777777777777777777777777777777
777777777777777777777777700000000000000011111777777777777777777777777777777777777777777777
777777777777777777777777700000000000000011111777777777777777777777777777777777777777777777
777777777777777777777777700000000000000011111777777777777777777777777777777777777777777777
777777777777777777777777777777222222222222222111117777777777777777777700000000000000000000
777777777777777777777777777777222222222222222111117777777777777777777700000000000000000000
777777777777777777777777777777222222222222222111117777777777777777777700000000000000000000
777777777777777777777777777777222222222222222111117777777777777777777700000000000000000000
777777777777777777777777777777222222222222222111117777777777777777777700000000000000000000
777777777777777777777777777777777772222222222000000000000000000000000022222222227777777777
777777777777777777777777777777777772222222222000000000000000000000000022222222227777777777
777777777777777777777777777777777772222222222000000000000000000000000022222222227777777777
777777777777777777777777777777777772222222222000000000000000000000000022222222227777777777
777777777777777777777777777777777772222222222000000000000000000000000022222222227777777777
777777777777777777777777777777777777777700000222222222222222222222222222222222227777777777
777777777777777777777777777777777777777700000222222222222222222222222222222222227777777777
777777777777777777777777777777777777777700000222222222222222222222222222222222227777777777
777777777777777777777777777777777777777700000222222222222222222222222222222222227777777777
777777777777777777777777777777777777777700000222222222222222222222222222222222227777777777
777777777777777777777777777777777777777722222222222222222222222222222222222222221111111111
777777777777777777777777777777777777777722222222222222222222222222222222222222221111111111
777777777777777777777777777777777777777722222222222222222222222222222222222222221111111111
777777777777777777777777777777777777777722222222222222222222222222222222222222221111111111
777777777777777777777777777777777777777722222222222222222222222222222222222222221111111111
777777777777777777777777777777777777777722222222222222222222222220000011111111117777777777
777777777777777777777777777777777777777722222222222222222222222220000011111111117777777777
777777777777777777777777777777777777777722222222222222222222222220000011111111117777777777
777777777777777777777777777777777777777722222222222222222222222220000011111111117777777777
777777777777777777777777777777777777777722222222222222222222222220000011111111117777777777
777777777777777777777777777777777777777722222222222222222222222220000011111111117777777777
777777777777777777777777777777777777777722222222222222222222222220000011111111117777777777
777777777777777777777777777777777777777722222222222222222222222220000011111111117777777777
777777777777777777777777777777777777777722222222222222222222222220000011111111117777777777
777777777777777777777777777777777777777722222222222222222222222220000011111111117777777777
777777777777777777777777700000000001111122222222222222222222222220000077777777777777777777
777777777777777777777777700000000001111122222222222222222222222220000077777777777777777777
777777777777777777777777700000000001111122222222222222222222222220000077777777777777777777
777777777777777777777777700000000001111122222222222222222222222220000077777777777777777777
777777777777777777777777700000000001111122222222222222222222222220000077777777777777777777
777777777777777000000000022222222222222211111222222222222222222220000077777777777777777777
777777777777777000000000022222222222222211111222222222222222222220000077777777777777777777
777777777777777000000000022222222222222211111222222222222222222220000077777777777777777777
777777777777777000000000022222222222222211111222222222222222222220000077777777777777777777
777777777777777000000000022222222222222211111222222222222222222220000077777777777777777777
777770000000000222222222222222222222222222222222222222222222222222222200000777777777777777
777770000000000222222222222222222222222222222222222222222222222222222200000777777777777777
777770000000000222222222222222222222222222222222222222222222222222222200000777777777777777
777770000000000222222222222222222222222222222222222222222222222222222200000777777777777777
777770000000000222222222222222222222222222222222222222222222222222222200000777777777777777
000001111111111222222222222222222225555555555222222222222222222222222222222000007777777777
000001111111111222222222222222222225555555555222222222222222222222222222222000007777777777
000001111111111222222222222222222225555555555222222222222222222222222222222000007777777777
000001111111111222222222222222222225555555555222222222222222222222222222222000007777777777
000001111111111222222222222222222225555555555222222222222222222222222222222000007777777777
777777777722222222226666622222666665555555555555555555555555222222222222222222222222222222
777777777722222222226666622222666665555555555555555555555555222222222222222222222222222222
777777777722222222226666622222666665555555555555555555555555222222222222222222222222222222
777777777722222222226666622222666665555555555555555555555555222222222222222222222222222222
777777777722222222226666622222666665555555555555555555555555222222222222222222222222222222
777777777722222222222222222222555556666655555555555555555555555552222211111777777777777777
777777777722222222222222222222555556666655555555555555555555555552222211111777777777777777
777777777722222222222222222222555556666655555555555555555555555552222211111777777777777777
777777777722222222222222222222555556666655555555555555555555555552222211111777777777777777
777777777722222222222222222222555556666655555555555555555555555552222211111777777777777777
777777777722222222222222255555555556666655555555555555555555555555555511111777777777777777
777777777722222222222222255555555556666655555555555555555555555555555511111777777777777777
777777777722222222222222255555555556666655555555555555555555555555555511111777777777777777
777777777722222222222222255555555556666655555555555555555555555555555511111777777777777777
777777777722222222222222255555555556666655555555555555555555555555555511111777777777777777
777770000022222222222222233333555556666655555555555555555555555550000022222000000000000000
777770000022222222222222233333555556666655555555555555555555555550000022222000000000000000
777770000022222222222222233333555556666655555555555555555555555550000022222000000000000000
777770000022222222222222233333555556666655555555555555555555555550000022222000000000000000
777770000022222222222222233333555556666655555555555555555555555550000022222000000000000000
000001111111111222226666633333333335555555555444444444444444000002222222222222227777777777
000001111111111222226666633333333335555555555444444444444444000002222222222222227777777777
000001111111111222226666633333333335555555555444444444444444000002222222222222227777777777
000001111111111222226666633333333335555555555444444444444444000002222222222222227777777777
000001111111111222226666633333333335555555555444444444444444000002222222222222227777777777
777777777777777222222222233333444446666644444777777777777777777777777777777777777777777777
777777777777777222222222233333444446666644444777777777777777777777777777777777777777777777
777777777777777222222222233333444446666644444777777777777777777777777777777777777777777777
777777777777777222222222233333444446666644444777777777777777777777777777777777777777777777
777777777777777222222222233333444446666644444777777777777777777777777777777777777777777777
777777777777777777777777722222222222222277777777777777777777777777777777777777777777777777
777777777777777777777777722222222222222277777777777777777777777777777777777777777777777777
777777777777777777777777722222222222222277777777777777777777777777777777777777777777777777
777777777777777777777777722222222222222277777777777777777777777777777777777777777777777777
777777777777777777777777722222222222222277777777777777777777777777777777777777777777777777