0000077777111111111133333333333333333333777777777777777777777777700000
0000077777111111111133333333333333333333777777777777777777777777700000
0000077777111111111133333333333333333333777777777777777777777777700000
0000077777111111111133333333333333333333777777777777777777777777700000
0000077777111111111133333333333333333333777777777777777777777777700000
0000077777222221111177777777773333300000000000000000000777777777700000
0000077777222221111177777777773333300000000000000000000777777777700000
0000077777222221111177777777773333300000000000000000000777777777700000
0000077777222221111177777777773333300000000000000000000777777777700000
0000077777222221111177777777773333300000000000000000000777777777700000
0000077777222221111177777777770000033333333333333333333333333333300000
0000077777222221111177777777770000033333333333333333333333333333300000
0000077777222221111177777777770000033333333333333333333333333333300000
0000077777222221111177777777770000033333333333333333333333333333300000
0000077777222221111177777777770000033333333333333333333333333333300000
0000077777777772222277777777773333333333333333333333333333337777700000
0000077777777772222277777777773333333333333333333333333333337777700000
0000077777777772222277777777773333333333333333333333333333337777700000
0000077777777772222277777777773333333333333333333333333333337777700000
0000077777777772222277777777773333333333333333333333333333337777700000
0000077777777777777777777777773333333333333333333311111000000000000000
0000077777777777777777777777773333333333333333333311111000000000000000
0000077777777777777777777777773333333333333333333311111000000000000000
0000077777777777777777777777773333333333333333333311111000000000000000
0000077777777777777777777777773333333333333333333311111000000000000000
0000077777111117777777777777773333333333333333333311111000007777700000
0000077777111117777777777777773333333333333333333311111000007777700000
0000077777111117777777777777773333333333333333333311111000007777700000
0000077777111117777777777777773333333333333333333311111000007777700000
0000077777111117777777777777773333333333333333333311111000007777700000
0000011111111111111100000000003333333333333333333311111777777777700000
0000011111111111111100000000003333333333333333333311111777777777700000
0000011111111111111100000000003333333333333333333311111777777777700000
0000011111111111111100000000003333333333333333333311111777777777700000
0000011111111111111100000000003333333333333333333311111777777777700000
0000022222222223333333333333333333333333333333333333333000007777700000
0000022222222223333333333333333333333333333333333333333000007777700000
0000022222222223333333333333333333333333333333333333333000007777700000
0000022222222223333333333333333333333333333333333333333000007777700000
0000022222222223333333333333333333333333333333333333333000007777700000
0000077777000003333366666222222222233333333333333333333333333333300000
0000077777000003333366666222222222233333333333333333333333333333300000
0000077777000003333366666222222222233333333333333333333333333333300000
0000077777000003333366666222222222233333333333333333333333333333300000
0000077777000003333366666222222222233333333333333333333333333333300000
0000077777000003333333333222224444455555333333333333333000007777700000
0000077777000003333333333222224444455555333333333333333000007777700000
0000077777000003333333333222224444455555333333333333333000007777700000
0000077777000003333333333222224444455555333333333333333000007777700000
0000077777000003333333333222224444455555333333333333333000007777700000
0000011111000003333333333666664444455555333333333333333000000000000000
0000011111000003333333333666664444455555333333333333333000000000000000
0000011111000003333333333666664444455555333333333333333000000000000000
0000011111000003333333333666664444455555333333333333333000000000000000
0000011111000003333333333666664444455555333333333333333000000000000000
0000022222111113333366666222223333333333333333333311111777777777700000
0000022222111113333366666222223333333333333333333311111777777777700000
0000022222111113333366666222223333333333333333333311111777777777700000
0000022222111113333366666222223333333333333333333311111777777777700000
0000022222111113333366666222223333333333333333333311111777777777700000