77777777777777777777222224444433333555557777777777777777777777777777777777777777777777777777777
77777777777777777777222224444433333555557777777777777777777777777777777777777777777777777777777
77777777777777777777222224444433333555557777777777777777777777777777777777777777777777777777777
77777777777777777777222224444433333555557777777777777777777777777777777777777777777777777777777
77777777777777777777222224444433333555557777777777777777777777777777777777777777777777777777777
77777000000000022222666664444433333333335555577777777777777777777777777777777777777777777777777
77777000000000022222666664444433333333335555577777777777777777777777777777777777777777777777777
77777000000000022222666664444433333333335555577777777777777777777777777777777777777777777777777
77777000000000022222666664444433333333335555577777777777777777777777777777777777777777777777777
77777000000000022222666664444433333333335555577777777777777777777777777777777777777777777777777
77777777777777700000333333333333333333335555555555777777777777777777777777777777777777777777777
77777777777777700000333333333333333333335555555555777777777777777777777777777777777777777777777
77777777777777700000333333333333333333335555555555777777777777777777777777777777777777777777777
77777777777777700000333333333333333333335555555555777777777777777777777777777777777777777777777
77777777777777700000333333333333333333335555555555777777777777777777777777777777777777777777777
77777777777777777777222222222233333333335555533333555555555577777777777777777777777777777722222
77777777777777777777222222222233333333335555533333555555555577777777777777777777777777777722222
77777777777777777777222222222233333333335555533333555555555577777777777777777777777777777722222
77777777777777777777222222222233333333335555533333555555555577777777777777777777777777777722222
77777777777777777777222222222233333333335555533333555555555577777777777777777777777777777722222
11111222222222222222222226666633333333333333333333333333333355555000000000000000000000000077777
11111222222222222222222226666633333333333333333333333333333355555000000000000000000000000077777
11111222222222222222222226666633333333333333333333333333333355555000000000000000000000000077777
11111222222222222222222226666633333333333333333333333333333355555000000000000000000000000077777
11111222222222222222222226666633333333333333333333333333333355555000000000000000000000000077777
77777111111111122222222223333333333333331111133333333333333333333555555555555555777777777711111
77777111111111122222222223333333333333331111133333333333333333333555555555555555777777777711111
77777111111111122222222223333333333333331111133333333333333333333555555555555555777777777711111
77777111111111122222222223333333333333331111133333333333333333333555555555555555777777777711111
77777111111111122222222223333333333333331111133333333333333333333555555555555555777777777711111
77777777777777711111222222222233333111112222222222333333333333333333334444444444111111111177777
77777777777777711111222222222233333111112222222222333333333333333333334444444444111111111177777
77777777777777711111222222222233333111112222222222333333333333333333334444444444111111111177777
77777777777777711111222222222233333111112222222222333333333333333333334444444444111111111177777
77777777777777711111222222222233333111112222222222333333333333333333334444444444111111111177777
77777777777777777777777771111122222222222222222222222222222222222333331111111111111115555577777
77777777777777777777777771111122222222222222222222222222222222222333331111111111111115555577777
77777777777777777777777771111122222222222222222222222222222222222333331111111111111115555577777
77777777777777777777777771111122222222222222222222222222222222222333331111111111111115555577777
77777777777777777777777771111122222222222222222222222222222222222333331111111111111115555577777
77777777777777777777777777777711111222222222222222222222222211111111112222222222444444444422222
77777777777777777777777777777711111222222222222222222222222211111111112222222222444444444422222
77777777777777777777777777777711111222222222222222222222222211111111112222222222444444444422222
77777777777777777777777777777711111222222222222222222222222211111111112222222222444444444422222
77777777777777777777777777777711111222222222222222222222222211111111112222222222444444444422222
77777777777777777777777777777777777111112222222222222221111122222222222222200000000000000022222
77777777777777777777777777777777777111112222222222222221111122222222222222200000000000000022222
77777777777777777777777777777777777111112222222222222221111122222222222222200000000000000022222
77777777777777777777777777777777777111112222222222222221111122222222222222200000000000000022222
77777777777777777777777777777777777111112222222222222221111122222222222222200000000000000022222
77777777777777777777777777777777777777771111111111222222222222222222220000022222222222222200000
77777777777777777777777777777777777777771111111111222222222222222222220000022222222222222200000
77777777777777777777777777777777777777771111111111222222222222222222220000022222222222222200000
77777777777777777777777777777777777777771111111111222222222222222222220000022222222222222200000
77777777777777777777777777777777777777771111111111222222222222222222220000022222222222222200000
77777777777777777777777777777777777777777777777777111112222222222111112222222222222222222222222
77777777777777777777777777777777777777777777777777111112222222222111112222222222222222222222222
77777777777777777777777777777777777777777777777777111112222222222111112222222222222222222222222
77777777777777777777777777777777777777777777777777111112222222222111112222222222222222222222222
77777777777777777777777777777777777777777777777777111112222222222111112222222222222222222222222
77777777777777777777777777777777777777777777777777777771111122222222222222222222222222222222222
77777777777777777777777777777777777777777777777777777771111122222222222222222222222222222222222
77777777777777777777777777777777777777777777777777777771111122222222222222222222222222222222222
77777777777777777777777777777777777777777777777777777771111122222222222222222222222222222222222
77777777777777777777777777777777777777777777777777777771111122222222222222222222222222222222222
77777777777777777777777777777777777777777777777777777777777777777111112222222222222222222222222
77777777777777777777777777777777777777777777777777777777777777777111112222222222222222222222222
77777777777777777777777777777777777777777777777777777777777777777111112222222222222222222222222
77777777777777777777777777777777777777777777777777777777777777777111112222222222222222222222222
77777777777777777777777777777777777777777777777777777777777777777111112222222222222222222222222
77777777777777777777777777777777777777777777777777777777777777777777777777711111111111111122222
77777777777777777777777777777777777777777777777777777777777777777777777777711111111111111122222
77777777777777777777777777777777777777777777777777777777777777777777777777711111111111111122222
77777777777777777777777777777777777777777777777777777777777777777777777777711111111111111122222
77777777777777777777777777777777777777777777777777777777777777777777777777711111111111111122222
77777777777777777777777777777777777777777777777777777777777777777777777777777777777771111122222
77777777777777777777777777777777777777777777777777777777777777777777777777777777777771111122222
77777777777777777777777777777777777777777777777777777777777777777777777777777777777771111122222
77777777777777777777777777777777777777777777777777777777777777777777777777777777777771111122222
77777777777777777777777777777777777777777777777777777777777777777777777777777777777771111122222
77777777777777777777777777777777777777777777777777777777777777777777777777777777111112222200000
77777777777777777777777777777777777777777777777777777777777777777777777777777777111112222200000
77777777777777777777777777777777777777777777777777777777777777777777777777777777111112222200000
77777777777777777777777777777777777777777777777777777777777777777777777777777777111112222200000
77777777777777777777777777777777777777777777777777777777777777777777777777777777111112222200000
77777777777777777777777777777777777777777777777777777777777777777777777777711111222223333344444
77777777777777777777777777777777777777777777777777777777777777777777777777711111222223333344444
77777777777777777777777777777777777777777777777777777777777777777777777777711111222223333344444
77777777777777777777777777777777777777777777777777777777777777777777777777711111222223333344444
77777777777777777777777777777777777777777777777777777777777777777777777777711111222223333344444
77777777777777777777777777777777777777777777777777777777777777777111111111122222333334444477777
77777777777777777777777777777777777777777777777777777777777777777111111111122222333334444477777
77777777777777777777777777777777777777777777777777777777777777777111111111122222333334444477777
77777777777777777777777777777777777777777777777777777777777777777111111111122222333334444477777
77777777777777777777777777777777777777777777777777777777777777777111111111122222333334444477777